StateName,6/30/2006,6/30/2007,6/30/2008,6/30/2009,6/30/2010,6/30/2011,6/30/2012,6/30/2013,6/30/2014,6/30/2015,6/30/2016,6/30/2017,6/30/2018,6/30/2019,6/30/2020
CA,535353,513987,416247,332653,338654,316461,311766,373983,423658,447789,480300,514383,555463,562872,587400
TX,136411,141734,141588,138078,138348,132509,133666,140757,151808,163822,175013,186899,198108,207609,214479
NY,240184,243486,241204,227910,226321,219125,214900,218842,225308,229103,235528,246011,258673,270366,277899
FL,279318,269232,223001,175795,163062,145904,145116,161685,181107,193642,210815,228108,244794,255701,267493
IL,233868,236201,222447,194882,184832,166651,157260,161937,172527,178046,184279,193718,201720,206240,208455
PA,172153,177616,176946,169848,170462,161739,158504,160142,162972,165862,169680,176531,187023,194671,203047
OH,135799,134461,130065,123202,121001,114133,111331,113175,115672,120226,125297,132885,142090,150259,158967
MI,153501,146466,131375,110150,103706,95781,96761,107335,120445,127134,135092,146848,159320,169276,177413
GA,169907,174592,168091,149311,141081,125426,122357,131538,144797,153280,162615,172191,187678,200435,210452
NC,164289,172882,174436,166712,161825,153560,149673,151993,157033,161539,168302,178943,190805,202302,213412
NJ,410640,404394,377540,343712,334652,311516,294525,297926,312309,313914,316605,325487,340979,348578,357780
VA,288134,287339,266422,244291,242045,231978,230794,238798,246404,250210,254925,264852,274431,284556,295487
WA,305993,327520,310650,273724,264663,237158,227930,250569,268877,288580,319127,355097,394600,408971,440623
MA,401036,380142,356825,330503,336955,321464,313011,331933,350833,361042,378879,399264,424054,433274,450059
IN,120816,123020,122663,119125,118104,113725,113693,115192,119017,122936,127078,134858,144522,154086,163012
AZ,289314,273761,227013,178740,166065,143865,154450,182888,199390,208731,222279,237012,255594,269335,294068
TN,136619,142925,140990,134683,132578,127345,125814,128689,134120,139099,147002,157908,169853,180107,192227
MO,139383,141700,138532,132496,130663,121653,119596,122199,126171,130426,136619,144828,154022,162005,168843
MD,368046,372172,341794,295207,283359,265195,258231,271792,284732,286404,292254,303603,315833,322164,328954
WI,170757,172439,168086,158400,156212,143668,140234,143003,149617,153717,159961,171186,183443,193226,203565
MN,232589,228883,212091,191452,189614,171144,168183,183233,199738,205198,216477,232415,247891,259167,270807
CO,255745,256683,247706,240184,239836,229207,233585,252883,272582,301356,333725,363308,390613,407024,423726
AL,126891,132882,131912,126490,121892,115957,113671,115039,117262,119785,122892,126704,132735,139057,147548
SC,159579,166180,165459,156444,152798,143998,141643,143504,148708,154032,160841,169492,179634,188283,196982
LA,144353,150575,151296,150402,149870,144743,144979,146381,149713,153269,157153,161567,165539,166508,170751
KY,115465,117214,116733,115696,115056,111012,110696,111984,114673,118509,123751,130962,138698,145258,152152
OR,265809,284610,271804,242279,231142,209014,206020,227813,246187,264796,294980,322611,344337,356184,372311
OK,100562,103794,105318,104673,106547,102704,103324,105429,108407,112760,115585,119639,123432,127820,135279
CT,342771,338010,318588,292070,283718,266239,249416,256361,258993,257734,257520,264214,271910,275332,280600
IA,122263,125085,125326,123761,123897,120005,120558,124217,127927,131374,136509,142533,148044,153515,157665
MS,108659,114710,113134,109327,106670,103965,103040,102258,102839,107560,110118,113783,117764,122936,126755
AR,108936,111635,111600,107492,106539,102654,103943,106173,107852,110222,114250,118679,124530,129537,134568
KS,221454,229139,231322,229863,229949,221206,219876,223096,226500,235493,244375,256030,269909,281291,293525
UT,214443,251608,254793,228474,216968,198428,200459,223988,237775,248932,269095,294990,323647,348826,371954
NV,366619,346735,268582,188133,164045,147160,142734,177296,207115,223598,241000,258578,298574,315649,323144
NM,182558,197106,195146,184084,179555,167912,164561,166939,171442,172671,177316,183181,191085,201511,214247
WV,89899,92186,93311,90693,88832,87117,87419,88990,91121,93669,96141,97675,101680,104800,107163
NE,129229,130178,126795,124702,127851,121976,122577,128077,132457,138407,144173,154879,165277,174314,181995
ID,193898,202264,201378,177991,163429,144225,149610,169462,179095,187022,202007,220323,248856,278561,307070
HI,582318,587817,582324,522418,519179,519313,516175,542127,595680,619089,642293,686081,717223,723750,731513
ME,215992,215478,210101,194593,192051,186111,182744,186578,188830,192806,201883,214689,227844,237121,254743
NH,283520,273528,258053,237982,231126,224820,218514,226906,236365,246202,254549,270201,288405,300849,316892
RI,332115,313469,292025,253463,252449,238602,223914,232436,245430,247191,260354,278218,296845,304399,319831
MT,199237,211331,215440,211540,205744,198003,200350,209569,219971,230115,236605,248353,263341,277490,292277
DE,273705,280142,269948,248670,242951,225200,214430,211745,222841,229524,237391,243175,254572,260502,267035
SD,146620,150955,154830,154906,153770,152499,153607,159135,164462,171478,180198,190935,200116,210144,217686
AK,252226,267666,273227,273450,273115,269335,275102,282165,289918,303249,306655,308271,310712,328092,312569
ND,155559,162555,168210,169038,169101,172319,177785,196228,210304,226694,232144,234013,235418,237027,241578
VT,228370,239305,241026,235946,231154,231047,230287,230376,230028,232834,234764,240915,252201,261043,269446
DC,521261,520250,502861,465422,467132,454470,462630,527646,601212,597228,634032,662392,693096,738187,748004
WY,184250,199581,202383,198818,196118,193329,197052,203823,210869,218739,224299,224799,233757,244731,255055
